441 358 0.101 0.177
437 361 0.190 0.244
464 259 0.551 0.642
252 252 0.880 0.937
248 265 1.075 1.237
413 256 1.270 1.379
405 275 1.388 1.443
417 275 1.464 1.582
448 300 1.591 1.663
460 300 1.671 1.730
456 320 1.739 2.163
448 316 2.322 2.448
456 329 2.457 2.609
452 323 2.617 2.795
460 310 2.808 2.867
448 307 2.875 2.985
464 288 2.993 3.065
472 300 3.234 3.369
476 304 3.437 3.491
452 291 3.660 3.757
472 272 3.824 3.909
460 297 4.014 4.183
492 336 4.272 4.347
476 339 4.355 4.442
673 326 4.480 4.746
480 348 4.834 4.959
