23 614 0.219 0.283
500 560 0.579 0.662
484 595 0.792 0.883
716 540 1.012 1.069
720 547 1.103 1.175
756 528 1.183 1.424
803 505 1.458 1.644
929 457 1.666 1.865
945 441 1.873 1.990
937 377 2.033 2.134
953 361 2.143 2.282
897 121 2.362 2.429
897 121 2.442 2.586
897 128 2.603 2.698
894 102 2.707 2.952
618 115 3.052 3.169
291 355 3.228 3.343
129 412 3.423 3.514
145 425 3.547 3.602
126 480 3.611 3.925
19 499 3.950 4.182
354 435 4.238 4.373
346 416 4.382 4.432
535 438 4.466 4.569
543 422 4.577 4.645
626 403 4.697 4.762
