500 374 0.059 0.274
563 387 0.299 0.474
630 313 0.504 0.766
626 339 0.775 0.830
622 352 0.838 0.949
448 377 0.987 1.117
460 374 1.125 1.176
614 387 1.208 1.416
594 691 1.458 1.587
594 675 1.596 1.783
626 681 1.791 1.903
342 361 1.958 2.145
346 227 2.170 2.307
350 240 2.315 2.366
519 204 2.396 2.569
610 185 2.585 2.636
630 192 2.644 2.872
689 128 2.914 3.142
649 169 3.217 3.414
527 179 3.435 3.685
362 160 3.718 3.985
382 393 4.032 4.091
385 380 4.099 4.168
712 86 4.219 4.346
708 102 4.354 4.446
720 105 4.454 4.572
748 140 4.724 4.880
