464 403 0.004 0.270
456 400 0.278 0.363
437 272 0.439 0.713
606 272 0.746 0.815
598 275 0.827 0.895
614 265 0.912 1.004
598 272 1.017 1.115
590 316 1.200 1.257
586 310 1.270 1.320
488 390 1.386 1.491
496 384 1.512 1.640
634 390 1.724 1.821
783 348 1.964 2.053
795 355 2.074 2.158
775 272 2.179 2.276
791 262 2.289 2.457
791 233 2.466 2.757
681 201 2.778 2.993
468 188 3.035 3.216
346 204 3.253 3.447
224 220 3.510 3.610
236 240 3.646 3.747
189 246 3.756 3.946
220 208 3.954 4.123
287 339 4.140 4.233
299 361 4.241 4.401
346 393 4.431 4.640
366 476 4.669 4.741
370 524 4.749 4.956
