500 384 0.007 0.250
354 480 0.333 0.391
342 592 0.550 0.648
338 643 0.774 0.837
334 643 0.867 0.922
338 659 0.935 1.019
342 636 1.049 1.401
263 377 1.448 1.668
259 336 1.677 1.763
275 320 1.771 1.923
220 188 1.961 2.063
224 198 2.076 2.148
295 281 2.174 2.343
795 230 2.402 2.717
854 268 2.743 2.971
811 240 2.980 3.212
878 288 3.238 3.355
870 528 3.392 3.671
862 681 3.696 3.783
728 630 3.924 4.025
712 630 4.034 4.121
405 665 4.166 4.379
173 518 4.437 4.587
177 518 4.595 4.703
200 585 4.724 4.874
