362 256 0.462 0.512
366 249 0.533 0.658
354 220 0.667 0.819
563 83 0.916 1.051
567 99 1.059 1.148
523 172 1.186 1.240
515 211 1.287 1.440
472 204 1.539 1.644
472 243 1.653 1.737
622 332 1.851 1.918
622 342 1.927 1.990
626 364 2.007 2.075
712 400 2.100 2.181
720 428 2.252 2.324
768 444 2.366 2.535
760 464 2.543 2.619
768 454 2.627 2.754
799 476 2.762 3.041
697 355 3.075 3.290
771 444 3.315 3.379
858 364 3.509 3.859
760 300 3.884 4.228
661 323 4.341 4.417
354 291 4.489 4.548
358 304 4.565 4.653
181 144 4.792 4.852
63 121 4.911 4.978
