464 377 0.005 0.193
464 374 0.286 0.382
476 361 0.391 0.455
460 492 0.484 0.581
472 508 0.645 0.725
484 659 0.738 1.004
326 646 1.093 1.181
311 633 1.190 1.367
338 665 1.376 1.671
492 220 1.852 1.953
472 233 1.991 2.057
472 118 2.112 2.375
543 281 2.418 2.534
531 288 2.543 2.606
535 272 2.615 2.691
531 323 2.699 2.796
523 297 2.868 2.978
492 108 3.172 3.416
732 204 3.734 3.872
744 208 3.902 3.968
724 259 3.993 4.165
464 387 4.218 4.343
330 390 4.405 4.467
330 396 4.480 4.618
287 441 4.647 4.833
