476 368 0.216 0.283
456 374 0.292 0.346
464 352 0.397 0.452
441 278 0.473 0.629
433 262 0.751 1.043
409 179 1.075 1.226
319 291 1.550 1.605
330 278 1.626 1.721
322 288 1.783 1.859
953 275 1.963 2.033
957 275 2.125 2.184
645 275 2.323 2.403
472 278 2.542 2.606
480 275 2.631 2.737
496 121 2.788 2.920
468 268 2.970 3.021
468 288 3.080 3.325
504 297 3.351 3.533
488 297 3.549 3.680
484 284 3.689 3.839
480 300 3.877 4.032
480 313 4.040 4.139
492 300 4.156 4.507
468 294 4.518 4.639
484 294 4.647 4.993
