484 400 0.004 0.445
429 451 0.466 0.624
413 425 0.637 0.688
409 396 0.698 0.749
397 441 0.857 0.969
385 412 1.011 1.073
496 374 1.082 1.137
500 473 1.202 1.278
303 665 1.412 1.490
299 675 1.506 1.603
271 713 1.611 1.832
547 649 1.873 2.093
547 649 2.106 2.306
677 476 2.390 2.543
677 371 2.552 2.626
657 156 2.635 2.734
661 150 2.743 2.908
582 115 2.921 3.141
421 134 3.166 3.437
303 124 3.458 3.690
252 118 3.736 4.037
271 288 4.075 4.294
417 265 4.358 4.455
409 268 4.464 4.549
492 422 4.587 4.777
